CodM Municípios Aband01Aband02Aband03Aband04Aband05Aband06Aband07Aband08Aband09Aband10Aband11Aband12Aband13Aband14Aband15Aband16Aband17Aband18Aband19
       Abreu e
260005Lima            7      4      6      8      8      6      3     14     11      6     13     10      8      9      7      7     12     24     11
       Afogados da
260010Ingazeira       2      0      0      0      0      0      0      0      1      1      0      0      0      0      0      0      0      0      0
260020 Afrânio        0      0      0      0      0      0      0      0      0      0      0      0      1      0      0      0      1      0      0
260030 Agrestina      0      3      0      0      0      2      1      0      0      2      0      0      0      0      0      0      0      2      0
260040 Água Preta     3      0      1      2      1      1      1      2      5      1      2      4      1      3      0      0      0      1      0
260050 Águas Belas    0      1      2      0      1      1      0      4      1      0      0      0      0      0      0      0      0      0      0
260060 Alagoinha      0      0      0      0      1      0      0      0      0      0      0      0      1      0      0      0      0      0      0
260070 Aliança        3      1      0      0      0      0      0      0      1      0      1      2      2      1      0      0      2      1      1
260080 Altinho        1      0      1      0      0      1      0      0      0      0      0      0      0      0      0      0      0      0      0
260090 Amaraji        1      1      0      1      0      2      0      0      0      0      2      1      0      0      0      0      0      2      0
260100 Angelim        1      0      0      0      0      0      1      0      0      0      0      0      0      0      0      0      0      0      0
260105 Araçoiaba      0      0      0      0      0      1      1      1      1      0      0      0      0      0      0      0      2      2      1
260110 Araripina      0      0      0      1      0      0      1      1      2      1      1      2      1      2      0      2      5      1      1
260120 Arcoverde      3      2      2      2      2      6      5      3      2      2      3      0      0      0      0      0      0      1      0
       Barra de
260130Guabiraba       0      0      0      0      1      0      0      0      0      0      0      0      0      0      0      0      0      0      0
260140 Barreiros      2      7     10      5      6      4      2      1      0      3      3      1      1      2      2      1      1      2      6
       Belém de
260150Maria           0      1      0      0      1      0      0      0      0      0      0      1      0      1      0      0      0      0      0
       Belém do
      São
260160Francisco       0      0      0      0      0      0      0      1      1      0      2      1      0      0      1      1      1      0      0
260170 Belo Jardim    3      3      0      1      0      1      0      0      0      1      0      0      0      0      0      0      2      1      0
260180 Betânia        1      0      0      2      1      1      1      0      0      0      0      0      0      0      0      0      0      0      0
260190 Bezerros       1      1      1      1      0      2      1      3      3      2      3      2      5      2      3      0      0      1      0
260200 Bodocó         1      1      0      0      2      1      1      0      1      2      0      0      0      0      1      1      0      0      0
       Bom
260210Conselho        1      0      0      0      0      0      0      0      1      2      2      5      2      1      0      0      1      0      0
260220 Bom Jardim     0      2      3      1      0      0      0      0      0      0      1      0      0      1      0      0      2      1      1
260230 Bonito         2      2      1      1      0      0      1      0      1      1      1      0      2      0      0      1      0      0      1
260240 Brejão         2      0      0      0      1      0      0      0      0      0      0      0      0      0      0      0      0      1      0
260250 Brejinho       0      1      0      0      0      0      0      0      0      0      0      0      0      0      0      0      0      0      0
       Brejo da
      Madre de
260260Deus            3      2      0      0      1      1      0      0      1      1      1      0      0      0      1      0      2      0      1
       Buenos
260270Aires           0      0      1      0      1      0      0      0      0      1      1      1      0      0      0      0      1      0      0
260280 Buíque         2      2      5      0      0      1      1      0      0      0      0      0      0      0      0      0      0      2      0
       Cabo de
      Santo
260290Agostinho      18     15     21     22     15     10     22     16     13     25     13     11     16     18      7     14     15     15     20
260300 Cabrobó        1      0      2      0      0      0      0      0      0      0      1      1      1      3      1      0      0      0      0
260310 Cachoeirinha   1      1      2      1      1      0      0      0      0      0      0      0      0      0      0      0      1      0      0
260320 Caetés         0      0      1      0      0      0      0      0      0      1      0      0      0      0      0      0      0      0      1
260330 Calçado        1      0      0      0      0      0      0      1      0      0      0      0      0      0      0      0      0      0      0
260340 Calumbi        0      0      0      0      0      0      0      0      0      1      0      0      0      0      0      0      0      0      0
260345 Camaragibe     9     16     23     30     11      5     13     14      9     10      5      9     12      7      6      9     11     11      8
       Camocim de
260350São Félix       4      0      1      1      0      0      0      0      0      1      1      0      0      0      1      0      0      0      0
260360 Camutanga      2      0      0      0      0      0      0      0      1      1      0      0      0      0      0      0      1      0      0
260370 Canhotinho     1      0      0      1      2      2      1      1      0      1      0      4      5      5      1      3      5      0      5
260380 Capoeiras      0      0      1      0      0      0      0      0      0      0      0      0      0      0      0      0      0      0      0
260390 Carnaíba       0      0      0      0      0      0      0      0      0      1      0      0      0      0      0      0      0      0      0
       Carnaubeira
260392da Penha        0      0      0      0      0      0      1      1      0      0      0      0      0      0      0      0      0      0      0
260400 Carpina        4      4      4      5      7      3      5      4      7      5      4      5      5      6      1      2      5      6      5
260410 Caruaru       24     20     27     20     25      8      6     11     18     21      9     18      8      9     20     14     20     20     18
260415 Casinhas       0      2      1      1      0      0      0      0      0      0      0      0      0      0      0      0      0      1      0
260420 Catende        0      0      1      0      1      0      0      0      0      0      1      0      2      0      0      0      0      0      0
260430 Cedro          0      0      0      0      0      0      0      0      0      0      1      0      0      0      0      0      0      0      0
       Chã de
260440Alegria         1      0      1      0      2      1      0      0      0      0      0      0      1      1      0      1      0      0      0
260450 Chã Grande     0      1      1      1      0      0      1      0      0      2      1      0      0      0      0      1      1      0      0
260460 Condado        2      3      3      3      4      0      0      2      0      1      1      0      0      0      0      0      0      1      2
260470 Correntes      0      1      0      1      0      0      0      0      0      0      1      0      0      1      0      0      1      0      0
260480 Cortês         3      0      2      0      0      0      0      0      0      0      0      1      0      1      0      0      1      0      0
260490 Cumaru         0      1      1      0      1      1      0      1      0      0      1      1      0      0      0      0      1      0      0
260500 Cupira         0      0      0      0      1      0      0      0      0      0      0      0      0      0      0      0      1      0      1
260510 Custódia       4      0      0      1      1      1      0      2      0      1      0      1      0      0      1      0      2      1      0
260520 Escada         8      5      5      4      1      2     11      6      3      9      4      4      4      9      4      2      7      0      3
260530 Exu            1      0      0      0      1      1      0      0      0      1      0      0      0      0      0      0      0      0      0
260540 Feira Nova     1      1      0      1      1      0      1      1      3      0      1      1      1      0      1      1      1      0      0
260550 Ferreiros      0      0      0      0      0      3      0      0      0      0      0      0      0      0      0      1      1      0      0
260560 Flores         0      1      0      1      1      0      0      1      0      0      0      1      1      0      0      0      0      0      0
260570 Floresta       0      0      0      0      0      0      0      0      1      0      1      1      0      0      1      0      0      0      0
       Frei
260580Miguelinho      0      0      0      0      1      0      0      0      0      1      0      0      0      0      0      0      0      0      0
260590 Gameleira      0      0      0      0      0      0      1      1      1      1      0      0      0      0      1      0      0      1      2
260600 Garanhuns      9      9      5      1      0      7      4      2      3      1      3      1      0      2      0      1      3      4      3
       Glória do
260610Goitá           2      0      0      1      1      0      0      0      1      0      1      0      0      0      0      0      0      0      0
260620 Goiana        11     12      5      5      1      3      7      7      5      3     13      7      4      1      4      4      9      4      1
260640 Gravatá        0      2      0      4      0      0      1      2      5      3      3      1      4      4      3      5      4      5      2
260650 Iati           1      0      1      1      1      0      0      0      0      0      1      0      0      0      0      0      0      0      0
260660 Ibimirim       2      2      0      1      3      1      0      2      0      0      0      2      0      1      0      0      0      0      1
260670 Ibirajuba      0      0      0      0      0      0      0      0      0      2      0      0      0      0      0      0      0      0      0
260680 Igarassu       8      6     11      6      2      1      1      2      2      4      7      7      2      5      3     11      8      8     10
       Ilha de
260760Itamaracá       7      3      2      1      3      5     10     10      4      4     22      6     10      8      5      6      8     12     11
260700 Inajá          1      0      0      0      0      0      0      0      0      0      0      0      0      0      0      0      0      0      0
260710 Ingazeira      0      0      0      0      0      0      0      1      0      0      0      0      1      0      0      1      0      0      0
260720 Ipojuca       14      7      3      2      3      1      2      1      3      4      4      8      8      6      4      4      8      9     13
260730 Ipubi          1      1      0      0      4      3      0      1      0      1      0      0      0      1      0      0      1      0      0
260740 Itacuruba      0      0      0      0      0      0      0      0      0      0      0      0      0      0      1      0      0      0      0
260750 Itaíba         2      0      0      0      0      1      1      0      0      0      0      0      0      0      0      0      0      0      0
260765 Itambé         5      1      0      2      2      1      0      0      0      1      5      2      0      1      1      0      0      0      0
260770 Itapetim       0      1      0      0      0      0      0      1      0      1      0      1      0      0      0      0      0      0      0
260775 Itapissuma       6     6     2     2     3     4     3     6     3     9     8     5     6     8     1     4     9     6     9
260780 Itaquitinga      1     3     2     1     4     3     0     3     0     1     2     0     0     0     0     0     0     0     0
       Jaboatão
      dos
260790Guararapes       98    75    63    70    54    60    52    76    89    74    92   102    94    83    99    69    54    76    62
260795 Jaqueira         1     0     0     0     0     0     0     0     0     0     0     1     0     2     0     0     0     0     0
260800 Jataúba          0     2     0     0     0     1     0     0     0     0     0     0     0     0     0     0     0     0     0
260805 Jatobá           1     0     0     2     0     0     1     1     0     0     1     1     0     0     0     0     1     2     0
260810 João Alfredo     0     1     1     0     1     0     2     0     2     1     2     0     0     0     0     0     0     1     3
       Joaquim
260820Nabuco            0     0     1     0     0     0     0     0     0     0     1     1     0     1     1     0     1     1     0
260825 Jucati           2     0     2     1     1     0     0     0     2     0     0     1     0     0     0     0     0     0     0
260830 Jupi             0     0     0     0     0     1     0     0     0     0     1     0     0     0     0     0     0     0     0
260840 Jurema           0     0     1     0     0     1     0     0     0     0     0     0     0     0     0     0     0     1     0
       Lagoa de
260850Itaenga           1     1     0     0     2     0     0     1     0     0     0     0     0     0     1     0     0     0     0
       Lagoa do
260845Carro             1     1     0     0     0     0     0     2     1     1     3     0     0     0     2     2     0     0     0
       Lagoa do
260860Ouro              2     0     0     0     0     0     0     0     0     0     0     0     0     0     0     0     0     0     0
       Lagoa dos
260870Gatos             1     0     1     1     1     0     0     1     1     0     0     1     0     1     0     0     0     0     0
       Lagoa
260875Grande            1     1     0     0     2     0     0     0     0     2     0     1     0     0     0     1     0     0     0
260880 Lajedo           1     2     2     0     1     0     0     0     1     0     1     2     1     0     1     1     0     0     0
260890 Limoeiro         0     1     3     7     3     3     2     5     2     4     3     1     0     1     2     3     3     6     5
260900 Macaparana       2     6     0     3     2     1     2     0     0     0     1     1     1     1     0     0     0     0     0
260910 Machados         0     1     0     1     1     0     1     0     2     0     0     0     1     0     0     0     0     0     0
260915 Manari           1     0     0     0     0     0     0     0     0     1     0     0     0     0     0     1     0     0     0
260920 Maraial          0     0     1     0     0     0     0     0     0     0     1     0     0     0     0     0     0     0     0
260930 Mirandiba        0     1     1     0     0     0     0     0     0     0     0     1     0     0     0     2     0     0     0
261430 Moreilândia      0     0     0     0     0     0     0     0     0     1     0     0     0     0     0     0     0     0     0
260940 Moreno           3     4     0     1     1     1     1     2     1     1     2     3     1     1     0     1     1     0     0
       Nazaré da
260950Mata              1     1     5     3     4     4     6     7     6     2     5     2     6     2     4     1     0     2     2
260960 Olinda          41    31    34    35    27    20    21    30    50    56    57    70    44    58    62    48    42    57    51
260970 Orobó            1     1     0     0     0     1     0     0     0     0     0     0     0     1     0     1     0     0     0
260980 Orocó            0     0     0     0     0     1     0     0     0     0     0     0     0     0     0     0     0     0     0
260990 Ouricuri         8     2     3     2     0     0     0     0     1     1     1     2     0     3     2     0     0     0     0
261000 Palmares         6     5    11     6     2     0     2     2     4     2     3     1     2     3     1     4     3     9     6
261020 Panelas          0     1     0     1     0     0     0     0     1     0     0     0     0     0     0     2     0     0     0
261030 Paranatama       0     0     0     0     0     0     0     0     0     0     0     1     0     0     0     0     0     0     0
261040 Parnamirim       0     0     0     0     0     0     0     0     0     1     0     1     0     0     0     0     0     0     0
261050 Passira          0     1     0     1     0     0     0     0     0     0     0     0     0     0     0     0     0     0     0
261060 Paudalho         3     1     4     0     3     1     3     2     3     1     3     3     1     3     0     0     0     2     3
261070 Paulista        21    22    12    32    26    14    15    25    24    24    22    34    31    22    19    22    28    36    23
261080 Pedra            0     2     1     2     0     0     0     0     0     0     0     1     0     0     0     0     1     0     0
261090 Pesqueira        0     3     1     0     0     1     2     0     0     3     3     2     1     0     1     2     1     2     5
261100 Petrolândia      0     1     0     0     0     1     0     0     2     1     0     0     1     0     0     0     1     1     0
261110 Petrolina       18     3     2     8     5     8     5    12    32    13    17    17    22    12    17    15    18     8    10
261120 Poção            0     0     0     0     0     1     0     0     0     0     0     0     0     0     0     0     0     0     1
261130 Pombos           3     0     0     0     1     0     0     0     0     0     0     0     0     0     0     0     0     0     0
261140 Primavera        0     0     0     0     2     0     0     0     0     0     2     0     0     2     2     0     0     0     0
261150 Quipapá          0     0     0     0     0     0     0     0     0     0     1     0     0     0     0     0     0     0     0
261153 Quixaba          0     0     0     0     0     0     0     0     0     1     0     0     0     0     0     0     0     0     0
261160 Recife         260   253   298   294   308   238   263   304   322   436   375   385   379   299   265   245   312   290   282
       Riacho das
261170Almas             1     0     0     0     0     1     0     0     1     0     0     1     2     0     0     0     0     1     0
261180 Ribeirão         0     0     0     1     2     0     0     0     2     2     0     0     1     0     1     0     2     2     2
261190 Rio Formoso      2     3     0     0     1     0     1     1     1     2     0     3     2     1     0     0     0     2     2
261220 Salgueiro        4     5     4     2     1     1     1     2     2     2     2     1     1     0     0     1     0     3     1
261230 Saloá            0     1     0     0     1     0     0     0     0     0     0     0     0     0     0     0     0     0     0
261240 Sanharó          0     0     2     0     0     0     0     0     1     0     0     0     0     1     0     0     0     1     0
261245 Santa Cruz       0     0     0     0     0     0     0     0     0     0     0     0     1     0     0     0     0     0     0
       Santa Cruz
      da Baixa
261247Verde             0     0     0     0     0     0     0     0     1     0     0     0     0     0     0     0     0     0     0
       Santa Cruz
261250do Capibaribe     1     1     0     3     1     1     1     1     1     0     1     0     4     5     2     0     3     4     2
       Santa
261255Filomena          1     0     0     0     0     0     0     0     0     0     0     0     0     0     0     0     0     0     0
       Santa Maria
261260da Boa Vista      0     2     0     1     1     0     0     0     0     1     2     1     0     0     0     0     1     1     0
       Santa Maria
261270do Cambucá        0     0     0     0     0     0     0     0     0     0     0     0     0     0     0     0     0     1     0
       São
      Benedito do
261290Sul               0     0     0     0     0     0     0     1     0     0     0     0     0     1     0     0     0     1     0
       São Bento
261300do Una            1     0     2     1     1     0     2     0     0     0     2     0     1     2     2     2     2     7     0
261310 São Caitano      1     0     0     0     1     0     0     0     0     0     0     0     1     0     0     0     0     0     1
261320 São João         0     0     0     0     0     0     0     0     1     0     0     1     0     0     0     0     0     0     0
       São Joaquim
261330do Monte          1     2     0     0     0     0     0     1     0     0     0     0     1     0     0     0     0     0     0
       São José da
      Coroa
261340Grande            7     1     1     0     2     0     0     1     1     3     2     4     2     1     0     1     2     2     1
       São José do
261350Belmonte          0     1     0     1     0     0     0     0     0     0     0     0     1     0     0     0     0     1     1
       São José do
261360Egito             0     0     1     0     0     0     0     0     0     0     0     0     0     0     0     1     1     0     2
       São
      Lourenço da
261370Mata              5    12    17    13    21     6     9    11     7     6    11    15    10     5     7     4    15     8    12
       São Vicente
261380Ferrer            1     1     0     1     0     0     1     0     0     1     0     0     1     0     2     1     0     0     1
       Serra
261390Talhada           4     2     0     2     1     0     1     1     1     0     1     1     3     8     6     1     0     0     0
261400 Serrita          0     0     0     0     0     0     0     2     0     1     0     0     0     0     0     0     0     0     0
261410 Sertânia         3     0     0     2     3     0     1     0     0     0     0     0     0     0     0     0     0     0     0
261420 Sirinhaém        2     4     3     0     1     0     0     1     1     2     2     1     2     0     2     3     4     1     1
261450 Surubim        1    0   0   0   1   0   0    2   3   1   0   0    1    2    0   1    1    3    0
261460 Tabira         0    0   1   0   0   0   0    0   0   1   2   0    0    1    0   0    0    0    0
261470 Tacaimbó       0    1   1   0   0   0   0    0   0   0   0   0    0    0    0   0    1    0    0
261480 Tacaratu       2    0   0   0   0   1   0    0   0   1   0   0    0    1    0   0    0    0    0
261485 Tamandaré      0    0   1   0   1   0   0    0   0   1   2   1    2    1    2   0    0    1    0
       Taquaritinga
261500do Norte        3    0   0   1   0   0   2    1   0   0   0   0    0    1    0   0    0    0    0
261510 Terezinha      0    1   0   0   0   0   0    0   0   0   0   0    0    0    0   0    0    0    0
261530 Timbaúba       3    1   2   1   5   9   0    1   2   5   1   7    3    1    1   0    3    3    1
261540 Toritama       1    1   0   0   1   0   0    0   0   0   0   0    0    1    0   0    1    2    0
261550 Tracunhaém     1    0   0   1   0   0   2    0   0   0   0   0    0    0    0   1    0    1    0
261560 Trindade       0    2   0   0   0   0   1    1   1   0   0   1    1    1    0   0    0    0    0
261570 Triunfo        1    0   0   0   0   0   0    0   0   0   0   0    0    0    1   0    0    0    0
261580 Tupanatinga    2    1   0   1   0   1   0    1   0   0   1   0    0    0    1   0    0    0    0
261590 Tuparetama     0    0   0   0   0   0   0    0   1   0   1   0    0    0    0   0    0    0    0
261600 Venturosa      2    0   0   0   0   0   0    0   0   1   0   0    0    0    0   0    0    0    0
261610 Verdejante     0    1   0   0   0   1   1    0   0   0   0   0    0    0    0   0    0    0    0
       Vertente do
261618Lério           0    0   0   0   0   2   1    0   0   0   0   0    0    0    0   0    0    0    0
261620 Vertentes      0    0   0   0   0   4   0    0   0   0   0   0    0    0    0   0    1    4    0
261630 Vicência       0    2   0   2   0   1   2    2   2   2   1   0    2    2    2   1    0    0    1
       Vitória de
261640Santo Antão     27   2   2   2   5   4   10   5   5   5   4   15   14   10   6   12   13   16   14
261650 Xexéu           3   0   1   1   0   0    0   0   1   0   0    0    0    1   0    0    0    1    0
