CodM Municípios Ausen01Ausen02Ausen03Ausen04Ausen05Ausen06Ausen07Ausen08Ausen09Ausen10Ausen11Ausen12Ausen13Ausen14Ausen15Ausen16
       Abreu e
260005Lima            0      0      0      0      0      0      0      0      0      0      8      0      5      0      0      0
260030 Agrestina      0      0      0      0      0      0      0      0      0      0      0      0      0      0     22     14
260040 Água Preta     0      0      0      0      7      1      0      0      5      0      5      4     26      9     72     13
260070 Aliança      245     59     85    131    170    347    283    304    168    192    163     93     91    229    359    166
260090 Amaraji        0      0      0     12     11      9      0      0      7      0      0      0      0      0      0      0
260105 Araçoiaba      0      0      0      0      0     66    205     73      8      0      0      0      1      0      0      0
       Barra de
260130Guabiraba       0      0      0      0      0      0      0      0      0      0      0      0      0      0     12      0
260140 Barreiros      0      0      0      0     10      7     87     33    158      0      1      0      0     22      0      0
       Belém de
260150Maria           0      1      0     11      0      5      0      6      0      0     25      0      9     14     76      0
260220 Bom Jardim     0      0      0      0     14    132    210    175    138     34     12     16      7     49     25      8
260230 Bonito         0      0      0      0      0      0      0      0      0      0      0      0      0      0      4      7
260240 Brejão         0      0      0      0      0      0      0      0      0      0      0      0      0      5      1      3
       Buenos
260270Aires           0      0      0      0      0      0      0      0      0      0      0      0      0      2     36     39
       Cabo de
      Santo
260290Agostinho       0      0      0      0      0      0    105      5     23     24     16     43     66    114     86     38
260345 Camaragibe     0      0      0      0      0      0      0      0      0      0     97     73      9     18     57     26
260400 Carpina        0      0      0      0     67    339      5     15      8      3     81     60     67     28     55      3
260410 Caruaru        0      0      0      0      0      0      0      0      0      0      0      0      0      1      1      1
260420 Catende        0      0      3      1      6     33     19      2      0      0      0      0      0      0      0      0
       Chã de
260440Alegria         0     65      9      1     90      7     23      1     65     76     30      8      6      1     11     21
260450 Chã Grande     0      3      0      0      0      0      0      0      0      0      0      0      0      0      0      0
260460 Condado        0      0      0      0      0      0      0      0      0      0      0      7      0      0      0      0
260470 Correntes      0      0      0      0      0      0      0      0      0      0      0      0      0      0     10     14
260480 Cortês         0      0      0      0      0      4      0      0      0      0      0      0      0      0      0      0
260490 Cumaru         0      0      0      0      0      0      0      0      0      0      0      0      0      2      1      0
260500 Cupira         0      0      0      0      0      0      0      0      0      0      0      0      0      1      3      0
260520 Escada         0     24    283     81     98    127     17     26      0     18     31     14    747    192    368     94
260540 Feira Nova     0      0      0      0      0      0      0      0      0      0      0      0      0      0      0      1
260590 Gameleira      0      0     33     27      7      4      0      0      3     83     98      0     25     31     47     16
260600 Garanhuns      0      0      0      0      0      0      0      0      0      0      0      0      0      0      0      1
       Glória do
260610Goitá           0      0    169      0     12     43     51     14     14     21     12      5     29     19      0      0
260620 Goiana         0      0      0      0      0      0      0      8      0      0      0     23     24     72     82     19
260640 Gravatá        0      0      0      0      0      0      0      0      0      0      0      0      0      1      1      0
260680 Igarassu       0      0      0      0      0      0      0      0      0      0      0      1      0      4     24      1
       Ilha de
260760Itamaracá       0      0      6      0     22     27      8      3      4     12      5      1      7      1      0      2
260720 Ipojuca        0      0      0      0      0      0      0     18      8     22      0      0      0      0     17     37
260765 Itambé         0      0     88      0      0    154    139     13     52     28     77     85     37     42    185     18
260780 Itaquitinga    0      0      0      0      0      3      0     58    107    110     67     14     11     50     49      2
       Jaboatão
      dos
260790Guararapes      0      0      0      0      0      0      0      0      7     96     50    159     42     81    101     67
260795 Jaqueira       0      0      0      6     12      2      7      0      0      0      5      0      0      3     85     22
260800 Jataúba        0      0      0      0      0      0      0      0      0      0      0      0      0      0      0      3
260810 João Alfredo   0      0      0      0      0      0      0      0      0      0      0      0      0     21     20     10
       Joaquim
260820Nabuco          0      0      0      2      2      1      0      4     12      0      0      3      0     12     52      9
       Lagoa de
260850Itaenga         0      0      0      0      0      0      0      0      0      0      0      0      0      4      1      0
       Lagoa do
260845Carro           0      0      0      0      0      0      0      0      0      0      0      0      0     78     36     37
       Lagoa do
260860Ouro            0      0      0      0      0      0      0      0      0      0      0      0      0      4      5      2
       Lagoa dos
260870Gatos           0      0      0      0      1      0      0      0      0      0      0      0      1      0      0      0
260890 Limoeiro       0      0      0      0      0      0      0      0      0      0      0      0      0     82     34      1
260900 Macaparana     0      0     14     29     24      4      7      0      3     12      6      5     72     70     12     65
260910 Machados       0      0      0      0      0      0      0      0      0      0      0      0      0      4     15     17
260920 Maraial        0      0      0      7     13      4      0      0     30     50     60      2     34      6      0      9
260940 Moreno         0      0      0      0      0      0      0      0      0      0      0     40     26     37     60     14
       Nazaré da
260950Mata            0      0      0      0     38     18     19     66     23     18     24      1     17      1      2      1
260960 Olinda         0      0      0      0      0      0      0     14      1      0      4      7      8     73      2     21
260970 Orobó          0      0      0     76     98      0      0      0      0      0      0      0      0      0     16     18
261000 Palmares       0      0      0      2      0      5      0      0      6      0      7      0     38     83    193     59
261050 Passira        0      0      0      0      1      0      0      0      0      0      0      0      0      0      0      0
261060 Paudalho       0      0      0      0      0      0      0      0      0      0      0      0      0    106    175     74
261070 Paulista       0      0      0      0      0      0      0     23      8     88     30     18     24      6      8      6
261130 Pombos         0      0      0      0      0      0      1      0      0      0      0      0      0      0      0      0
261140 Primavera      0      0      0      2      0      1      0      0     13      4      2      7      2     14     37     16
261150 Quipapá        0     11      0      1      2      2      0      0      0      0      8      4      0      1      0      0
261180 Ribeirão       0      0     10      3     47     58     62      7      0     39      8     14      9      8      2      0
       Rio
261190Formoso         0      0      0      2      2      0      0      0      0      0      0      0      0      0      0      0
261200 Sairé          0      0      0      0      0      0      0      0      0      0      3      6      0      1      0      0
261210 Salgadinho     0      0      0      0      0      0      0      0      0      0      4     10      0      0      2      4
       Santa Cruz
      do
      Capibaribe
261250                0   0   0   0   0      0     0     0   0      0     0     0     0     1   0    0
       Santa Maria
261270do Cambucá      0   0   0   0   0      0     0     0   0      0     0     0     0     0   2    0
       São
      Benedito do
261290Sul             0   0   0   8   0      1    53    37   25    20    34    45    69     9   34   79
       São Bento
261300do Una          0   0   0   0   0      0     0     0   0      0     0     0     0     0   1    0
       São
      Joaquim do
261330Monte           0   0   0   0   0      0     0     0   0      0     0     0     0     0   1    1
       São José da
      Coroa
261340Grande          0   0   0   0   0      0     0     0   0      0     3     0     0     0   0    0
       São
      Lourenço da
261370Mata            0   0   0   0   0      4     1     1   0     73   167   111   104   114   95   98
       São Vicente
261380Ferrer          0   0   0   0   12     2     5    11   17    70    19    16     9    21   8    12
261420 Sirinhaém      0   0   0   0    0     1     0     0   14     0     0     0     0     0   0     0
261450 Surubim        0   0   0   0    0     0     0     0    0     0     0     0     0     2   4     1
261485 Tamandaré      0   0   0   8    0     0     1    79    0     0     0     0     0     0   0     0
       Taquaritinga
261500do Norte        0   0   0   0    0     0     0     0    0     0     0     0     0     1    0    0
261510 Terezinha      0   0   0   0    0     0     0     0    0     0     0     0     0     3    0    0
261530 Timbaúba       0   0   0   0   35   152   128    15   69    14    35    18    31    61   14   14
261540 Toritama       0   0   0   0    0     0     0     0    0     0     0     0     0     1    2    3
261550 Tracunhaém     0   0   0   0    0     0     0     0    0     0     0     0     0    88   29    6
       Vertente do
261618Lério           0   0   0   0    0     0     0     0   0      0     0     0     0     0   0     1
261620 Vertentes      0   0   0   0    0     0     0     0   0      0     0     0     0     0   0     4
261630 Vicência       0   0   0   7   96   191    69   137   0    100     9     1    18     4   9    44
       Vitória de
261640Santo Antão     0   0   0   0    0     0     0     0   67     0     0    33    67    21   0     0
261650 Xexéu          0   0   0   1   11    10     0     0    0     0     0     0     0     0   0    22
