CodM Municípios Pop00 Pop01 Pop02 Pop03 Pop04 Pop05 Pop06 Pop07 Pop08 Pop09 Pop10 Pop11 Pop12 Pop13 Pop14 Pop15 Pop16 Pop17 Pop18 Pop19
      Abreu e
260005Lima         83486 90571 91565 92737 95198 96560 97911 92217 95670 96266 94428 94843 95243 97786 98201 98602 98990 99364 99622 99990
      Afogados da
260010Ingazeira    34524 33321 33617 33940 34618 34993 35365 34047 35314 35528 35091 35255 35416 36379 36547 36709 36866 37017 37111 37259
260020Afrânio      14227 15216 15374 15540 15891 16085 16277 16471 17233 17445 17588 17784 17975 18625 18831 19031 19225 19411 19456 19635
260030Agrestina    18713 20278 20466 20665 21084 21316 21546 21456 22371 22591 22680 22882 23079 23842 24052 24256 24454 24644 24702 24885
260040Água Preta   25353 29057 29079 29333 29866 30162 30455 29508 30606 30792 33046 33446 33785 34978 35344 35698 36040 36371 36454 36771
260050Águas Belas 34424 36082 36280 36113 35762 35567 35374 37992 39421 39672 40007 40511 40778 42008 42291 42566 42831 43087 43195 43443
260060Alagoinha    11816 12701 12844 12987 13288 13454 13619 14016 14704 14913 13761 13853 13741 14155 14250 14341 14431 14517 14554 14636
260070Aliança      36452 37155 37133 37107 37053 37022 36992 34740 35446 35235 37414 37433 37450 38242 38248 38255 38261 38267 38375 38386
260080Altinho      20504 21961 21918 21819 21611 21496 21382 21782 22418 22427 22363 22371 22371 22853 22865 22876 22886 22896 22959 22972
260090Amaraji      20905 21481 21585 21713 21982 22131 22279 20149 20600 20509 21925 21988 22035 22555 22600 22643 22685 22726 22788 22829
260100Angelim       8028   9094   9155   9189   9261   9300   9339   9836 10272 10385 10204 10288 10372 10706 10795 10882 10965 11045 11072 11150
260105Araçoiaba    13092 15564 15903 16272 17046 17475 17900 16520 17276 17484 18144 18390 18617 19333 19579 19816 20046 20268 20312 20524
260110Araripina    65941 71817 73068 74075 76189 77359 78520 75878 79104 79877 77363 77794 78270 80577 82298 82800 83287 83757 83964 84418
260120Arcoverde    60653 62315 62825 63394 64588 65249 65905 64863 67458 68000 69157 69346 69880 72102 72672 72625 73154 73667 73844 74338
      Barra de
260130Guabiraba    11252 10910 11027 11068 11154 11202 11249 13900 13384 13623 12765 12918 13054 13523 13808 13953 14091 14224 14257 14385
260140Barreiros    36867 38977 38838 38698 38405 38243 38082 41748 43502 43911 40720 40855 40973 41987 42105 42220 42331 42438 42552 42659
      Belém de
260150Maria        15478 10441 10294 10140      9816   9637   9460   9649   9797   9703 11349 11409 11463 11777 11833 11888 11941 11992 12023 12073
      Belém do
      São
260160Francisco    20407 19877 19620 19347 18775 18458 18143 20545 21254 21342 20236 20257 20260 20680 20678 20675 20672 20670 20728 20729
260170Belo Jardim  73253 69637 70390 71175 72823 73735 74640 70963 73590 74028 72412 72719 72996 74902 75186 75462 75729 75986 76185 76439
260180Betânia      10262 11315 11322 11329 11346 11354 11363 11548 11955 12011 12005 12057 12109 12433 12487 12539 12589 12637 12671 12719
260190Bezerros     52597 58035 58473 58984 60058 60652 61242 56629 58310 58354 58675 58768 58864 60213 60301 60386 60469 60549 60714 60798
260200Bodocó       24427 32106 32409 32724 33385 33751 34114 33381 34712 34988 35178 35422 35676 36783 37054 37317 37571 37816 37909 38146
      Bom
260210Conselho     40523 42111 42276 42365 42551 42654 42756 43397 44991 45250 45506 45747 45983 47273 47520 47760 47991 48214 48336 48554
260220Bom Jardim   38598 36998 37058 37079 37123 37148 37172 39023 40592 40924 37828 37889 37949 38816 38871 38924 38976 39025 39132 39184
260230Bonito       33761 38088 38335 38607 39177 39492 39805 39111 40578 40832 37570 37552 37539 38287 38122 38094 38069 38044 38152 38134
260240Brejão        7778   8939   8960   8980   9023   9047   9070   9341   9707   9780   8851   8839   8834   9006   8997   8989   8980   8973   8999   8993
260250Brejinho      6799   7262   7252   7239   7214   7200   7186   7158   7366   7369   7307   7310   7312   7464   7464   7464   7464   7465   7486   7487
      Brejo da
      Madre de
260260Deus         37837 38665 39561 40236 41651 42434 43211 40265 41898 42250 45192 45723 46248 47972 48541 49092 49624 50138 50249 50742
      Buenos
260270Aires        12997 11961 11911 11867 11774 11722 11671 12962 13530 13675 12537 12578 12618 12934 12974 13012 13050 13085 13119 13155
260280Buíque       38601 44896 45441 46032 47271 47957 48638 49937 52466 53272 51990 52715 53304 55268 55905 56523 57120 57696 57825 58378
      Cabo de
      Santo
260290Agostinho   152863 156004 158435 160968 166286 169229 172150 163139 169986 171583 185123 187159 189222 196152 198383 200546 202636 204653 205112 207048
260300Cabrobó      27549 27073 27325 27596 28165 28480 28793 28851 30113 30432 30883 31191 31497 32596 32927 33247 33557 33856 33934 34221
260310Cachoeirinha 15294 17195 17292 17409 17653 17788 17922 17421 18037 18123 18833 18956 19088 19674 19814 19951 20082 20209 20258 20380
260320Caetés       18963 24523 24876 25219 25938 26337 26732 25219 26197 26386 26577 26765 26946 27766 27959 28145 28326 28500 28570 28739
260330Calçado      11400 11993 12190 12413 12881 13141 13398 11337 11637 11619 11125 11088 11051 11223 11179 11136 11094 11055 11089 11053
260340Calumbi       7204   7101   7121   7141   7182   7205   7228   7577   7900   7977   5651   5646   5643   5754   5749   5745   5741   5736   5753   5750
260345Camaragibe 121441 132215 134866 137727 143732 147056 150354 136381 141973 143210 144506 145676 146847 151587 152840 154054 155228 156361 156736 157828
      Camocim de
260350São Félix    14733 15270 15386 15512 15776 15922 16067 15831 16452 16574 17104 17257 17405 17980 18138 18292 18440 18583 18627 18765
260360Camutanga     7959   7872   7919   7954   8027   8067   8107   7921   8186   8214   8147   8180   8204   8405   8428   8450   8472   8493   8530   8551
260370Canhotinho   22206 24961 24992 25026 25096 25136 25174 24218 24874 24847 24536 24491 24461 24918 24877 24837 24799 24762 24835 24804
260380Capoeiras    19071 19540 19552 19550 19545 19543 19540 19337 19916 19936 19593 19596 19599 20004 20000 19997 19994 19991 20048 20048
260390Carnaíba     17811 17569 17530 17453 17292 17202 17114 18345 19035 19155 18585 18642 18707 19187 19253 19318 19380 19440 19491 19551
      Carnaubeira
260392da Penha     10985 10319 10241 10166 10007       9920   9833 11689 12270 12451 11782 11888 11991 12387 12496 12603 12706 12805 12836 12932
260400Carpina      55233 64848 65669 66531 68341 69342 70337 65390 67727 68070 74851 75706 76527 79308 80194 81054 81884 82685 82872 83641
260410Caruaru     248110 258176 262037 265937 274124 278655 283152 289086 294558 298501 314951 319580 324095 337416 342328 347088 351686 356128 356872 361118
260415Casinhas     12607 13428 13510 13586 13747 13836 13924 14103 14675 14798 13791 13799 13830 14159 14189 14219 14247 14274 14313 14341
260420Catende      30825 31180 31202 31176 31123 31093 31063 33479 34907 35251 37830 38324 38812 40328 40857 41369 41865 42343 42434 42892
260430Cedro         7993   9615   9666   9719   9831   9893   9955 10283 10678 10784 10778 10873 10964 11323 11421 11515 11607 11695 11722 11807
      Chã de
260440Alegria      10759 11131 11145 11165 11206 11229 11252 11636 12094 12185 12375 12504 12601 13002 13105 13206 13302 13396 13428 13518
260450Chã Grande 16181 18760 19019 19303 19899 20229 20556 17563 17984 17924 20020 20270 20399 21006 21142 21274 21402 21525 21579 21698
260460Condado      21718 22162 22501 22828 23514 23894 24271 23211 24180 24403 24298 24473 24658 25435 25632 25823 26008 26186 26249 26421
260470Correntes    19102 17147 17218 17298 17468 17561 17655 16330 16733 16686 17421 17491 17374 17830 17901 17968 18033 18098 18144 18207
260480Cortês       14399 13047 12721 12740 12780 12801 12823 11616 11812 11712 12458 12435 12418 12647 12624 12602 12581 12560 12596 12578
260490Cumaru       23794 28442 29485 30411 32355 33431 34499 16388 15099 13812 17166 17329 17470 14815 13960 13132 12332 11559 11635 10906
260500Cupira       23439 22416 22457 22492 22564 22604 22644 22106 22764 22783 23392 23468 23114 23695 23769 23841 23909 23977 24041 24107
260510Custódia     26435 30060 30205 30314 30544 30671 30797 32157 33537 33874 34305 34154 34442 35574 35884 36184 36474 36753 36841 37111
260515Dormentes    13577 14599 14714 14855 15150 15314 15476 15595 16284 16462 16915 17110 17296 17925 18126 18321 18510 18692 18734 18908
260520Escada       59261 57377 57657 57803 58111 58281 58450 59850 62163 62604 63535 63963 64422 66419 66907 67381 67839 68281 68448 68875
260530Exu          30658 32474 32524 32571 32670 32725 32779 30567 31236 31086 31636 31576 31518 32076 32001 31928 31858 31790 31885 31825
260540Feira Nova   17935 18891 18927 18959 19027 19064 19102 19276 19957 20052 20588 20703 20830 21444 21579 21710 21836 21958 22013 22131
      Fernando de
260545Noronha       2033   2096   2128   2163   2238   2280   2321   2801   3012   3108   2629   2675   2718   2837   2884   2930   2974   3016   3021   3061
260550Ferreiros     9646 10714 10685 10665 10624 10602 10579 11002 11397 11456 11437 11484 11537 11850 11904 11957 12008 12057 14365 12123
260560Flores       20032 20684 20615 20519 20317 20205 20093 21962 22846 23034 22171 22166 22162 22610 22599 22588 22577 22567 22631 22624
260570Floresta     24435 25162 25480 25829 26561 26966 27368 26648 27809 28100 29284 29635 29973 31088 31454 31809 32152 32483 32556 32873
      Frei
260580Miguelinho   11942 12846 12742 12633 12403 12276 12149 14067 14692 14855 14231 14394 14492 14932 15036 15137 15234 15328 15366 15457
260590Gameleira    23108 24558 24921 25347 26241 26736 27227 26281 27489 27823 27915 28213 28503 29515 29829 30132 30426 30709 30780 31052
260600Garanhuns 116027 119336 120781 122188 125141 126776 128398 124996 130154 131313 129392 130303 131169 135138 136057 136949 137810 138642 138983 139788
      Glória do
260610Goitá        27985 27632 27711 27784 27937 28021 28105 27397 28243 28289 29675 29132 29241 30000 30111 30220 30324 30425 30504 30604
260620Goiana       69454 71940 72656 73342 74782 75579 76371 71796 74182 74424 75648 75987 75902 77945 78287 78618 78940 79249 79455 79758
260630Granito       5872   6123   6144   6160   6194   6212   6230   6593   6882   6955   6857   6913   6968   7191   7251   7308   7363   7417   7435   7486
260640Gravatá      61825 67906 68491 69056 70243 70899 71551 71570 74548 75229 76669 77164 77845 80450 81182 81893 82579 83241 83437 84074
260650Iati         15156 17580 17503 17415 17232 17130 17029 17733 18304 18350 18271 18412 18462 18913 18962 19010 19056 19100 19152 19197
260660Ibimirim     24384 23857 23549 23181 22410 21984 21560 27261 28605 29018 26959 27155 27349 28197 28403 28604 28798 28985 29055 29235
260670Ibirajuba     7373   7420   7415   7404   7382   7369   7357   7545   7803   7833   7534   7542   7549   7714   7719   7725   7730   7735   7756   7762
260680Igarassu     79163 83424 85174 86519 89342 90904 92455 93748 98601 100191 101987 103537 105003 109322 110917 112463 113956 115398 115640 117019
260690Iguaracy     11479 11514 11538 11562 11613 11641 11669 11880 12322 12397 11780 11802 11824 12097 12117 12137 12156 12175 12209 12228
      Ilha de
260760Itamaracá    15058 16376 16753 17168 18040 18522 19001 17573 18412 18658 22449 22347 22794 23923 24413 24888 25346 25789 25836 26258
260700Inajá        10639 13513 13753 13973 14433 14688 14942 14036 14605 14729 19081 19527 19957 21003 21475 21932 22374 22801 22840 23247
260710Ingazeira     4795   4583   4596   4609   4637   4653   4668   4444   4565   4561   4496   4491   4486   4570   4563   4556   4549   4542   4554   4548
260720Ipojuca      52622 60925 62197 63550 66390 67963 69523 70070 74059 75512 80542 82277 83862 87926 89660 91341 92965 94533 94709 96204
260730Ipubi        21631 23483 23423 23600 23971 24177 24381 25718 26973 27353 28120 28510 28887 30037 29338 29721 30091 30447 30512 30854
260740Itacuruba     4021   3734   3758   3799   3885   3933   3980   4097   4297   4358   4369   4423   4475   4643   4700   4754   4807   4858   4869   4918
260750Itaíba       23496 26738 26727 26693 26623 26584 26545 26735 27576 27631 26264 26215 26175 26651 26462 26412 26362 26314 26390 26349
260765Itambé       33146 35054 35136 35207 35358 35441 35523 34944 36049 36126 35398 35430 35461 36233 36256 36278 36299 36320 36422 36447
260770Itapetim     15018 14654 14578 14491 14308 14207 14107 13849 14140 14063 13882 13814 13748 13932 13855 13780 13708 13638 13680 13616
260775Itapissuma   20789 20590 20896 21258 22018 22439 22857 22852 24026 24406 23723 24050 24321 25220 25514 25798 26073 26338 26397 26651
260780Itaquitinga    14292   15063   15144   15234   15424   15528   15632   14985   15468   15507   15698   15749   16221   16638   16696   16753   16806   16859   16903   16955
      Jaboatão
      dos
260790Guararapes     567728 592297 601426 610648 630008 640722 651355 665387 678346 687688 644699 649788 654786 675599 680943 686122 691125 695956 697636 702298
260795Jaqueira        10914 11801 11932 12062 12334 12485 12635 12102 12560 12642 11513 11490 11479 11696 11680 11664 11649 11634 11668 11656
260800Jataúba         18220 14663 14696 14716 14757 14780 14803 14813 15311 15365 15810 15909 16219 16679 16770 16858 16943 17026 17070 17150
260805Jatobá          11824 13386 13562 13755 14158 14382 14603 13797 14342 14452 13982 14026 14087 14464 14526 14587 14646 14703 14740 14796
260810João Alfredo    24604 26920 26940 26901 26820 26775 26730 28488 29634 29875 30735 31029 31305 32355 32651 32939 33217 33485 33563 33822
      Joaquim
260820Nabuco         13378   15948   15972   15994   16039   16065   16090   15947   16458   16498   15774   15762   15751   16056   16038   16021   16004   15989   16036   16023
260825Jucati          9454    9894   10036   10194   10526   10710   10892   10500   10965   11086   10604   10674   10742   11061   11133   11202   11269   11334   11361   11424
260830Jupi           11552   12396   12442   12495   12606   12667   12727   13628   14274   14461   13709   13804   13899   14325   14427   14525   14620   14712   14747   14836
260840Jurema         12367   13844   13963   14065   14281   14401   14519   14760   15396   15552   14494   14603   14662   15050   15112   15171   15229   15284   15323   15378
      Lagoa de
260850Itaenga        19210   20325   20943   21301   22052   22468   22880   19987   20593   20618   20653   20697   20733   21210   21244   21276   21308   21338   21397   21429
      Lagoa do
260845Carro          11942   13327   13534   13730   14143   14372   14599   14380   15044   15230   15990   16211   16408   17034   17247   17454   17654   17847   17886   18071
      Lagoa do
260860Ouro           10504   10926   10893   10854   10773   10728   10683   11655   12136   12244   12121   12221   12307   12685   12777   12865   12951   13033   13065   13145
      Lagoa dos
260870Gatos          14334   16013   15961   15896   15760   15685   15611   15967   16454   15567   15615   15649   15731   16100   16131   16161   16190   16218   16262   16290
      Lagoa
260875Grande         18722   19656   20060   20488   21387   21885   22379   21125   22121   22408   22719   23039   23308   24183   24475   24757   25030   25294   25349   25601
260880Lajedo         31731   32498   32733   32976   33487   33770   34050   33348   34595   34809   36606   36968   37296   38545   38898   39240   39570   39888   39982   40288
260890Limoeiro       57755   56478   56630   56772   57072   57238   57403   55560   57203   57243   55574   55391   55343   56407   56336   56269   56203   56140   56302   56250
260900Macaparana     24373   22673   22839   22999   23335   23521   23706   23078   23907   24031   23907   24035   24142   24793   24904   25011   25114   25214   25278   25376
260910Machados       10482    9926    9995   10074   10628   10722   10816   11152   11662   11802   13632   13857   14109   14770   15046   15313   15571   15820   15851   16088
260915Manari         11731   13065   13209   13294   13470   13568   13665   16540   17639   18097   18187   18472   18847   19788   19910   20302   20681   21047   21085   21434
260920Maraial        11803   14281   14617   14895   15480   15803   16124   12352   12473   12303   12257   12093   11961   12009   11858   11711   11570   11433   11473   11345
260930Mirandiba      12428   13156   13176   13201   13253   13282   13310   13304   13757   13810   14308   14400   14488   14915   15008   15098   15185   15270   15308   15390
261430Moreilândia    13796   11066   10955   10881   10725   10638   10552   10424   10643   10584   11137   11134   11020   11246   11245   11242   11240   11238   11270   11270
260940Moreno         41276   50401   51324   52308   54373   55516   56650   52830   55102   55659   56767   57271   57828   59836   60435   61016   61577   62119   62263   62784
      Nazaré da
260950Mata            28723 29547 29825 30090 30647 30955 31261 29202 30122 30185 30782 30915 31029 31834 31951 32064 32174 32280 32366 32471
260960Olinda         356418 372014 373479 376068 381502 384510 387494 391433 394850 397268 375559 378538 379271 388127 388821 389494 390144 390771 391835 392482
260970Orobó           22606 22675 22811 22967 22906 23084 23261 21632 22244 22239 22865 22938 22996 23552 23608 23663 23717 23768 23833 23884
260980Orocó           10631 10834 10845 10854 10873 10884 10894 13167 13968 14279 13176 13361 13536 14071 14261 14445 14623 14794 14827 14991
260990Ouricuri        46821 57078 57521 57886 58653 59078 59499 63042 66077 66978 64335 64944 65510 67689 67098 67676 68236 68776 68939 69459
261000Palmares        55646 55467 55382 55192 54794 54574 54355 56643 58584 58819 59524 59813 60091 61731 62020 62300 62571 62832 62994 63250
261010Palmeirina       9781   9665   9794   9913 10164 10303 10441      8487   8586   8481   8188   8086   8172   8191   8078   7969   7864   7761   7789   7693
261020Panelas         24410 25703 25566 25423 25123 24957 24793 24918 25555 25500 25654 25628 26005 26515 26490 26464 26440 26417 26492 26474
261030Paranatama      13307 10217 10123 10019      9801   9680   9559 11669 12256 12441 11001 11052 11100 11399 11449 11357 11403 11449 11478 11523
261040Parnamirim      18438 19350 19403 19456 19568 19629 19690 19214 19813 19850 20227 20327 20425 20990 21093 21193 21290 21383 21914 22010
261050Passira         26597 29131 29131 29131 29130 29130 29130 27910 28598 28518 28664 28590 28552 29082 29031 28982 28935 28889 28972 28933
261060Paudalho        42111 45733 46302 46842 47975 48603 49225 45777 47337 47521 51374 51835 52297 54051 54547 55028 55493 55942 56074 56506
261070Paulista       253149 268282 272914 277870 288273 294030 299744 307284 314302 319373 300611 303401 306239 316714 319769 322730 325590 328353 329117 331774
261080Pedra           19043 20320 20377 20438 20567 20639 20710 20132 20754 20788 20950 20998 21050 21558 21609 22401 22455 22505 22566 22617
261090Pesqueira       53556 57600 57742 57751 57772 57783 57794 61337 63878 64454 62793 63320 63519 65374 65770 66153 66524 66881 67047 67395
261100Petrolândia     23043 27937 28485 29025 30160 30788 31412 30597 32105 32568 32485 32889 33273 34523 34939 35342 35731 36108 36187 36548
261110Petrolina      216622 225199 230342 235821 247322 253686 260004 268339 276174 281851 294081 299752 305352 319893 326017 331951 337683 343219 343865 349145

261120Poção         11264 11373 11513 11669 11996 12177 12356 11135 11482 11503 11242 11247 11029 11261 11263 11265 11266 11268 11299 11302
261130Pombos        22273 23600 23793 23998 24429 24667 24904 21810 22253 22120 24033 24100 26086 26716 26779 26841 26902 26960 27033 27091
261140Primavera     10717 11546 11608 11669 11797 11867 11937 11853 12291 12364 13439 13560 13705 14200 14358 14509 14657 14798 14831 14966
261150Quipapá       18480 22341 22358 22457 22665 22780 22894 24197 25301 25603 24187 24343 24495 25220 25381 25536 25686 25831 25896 26037
261153Quixaba        6798   6781   6730   6673   6551   6484   6417   6875   7097   7116   6735   6731   6722   6846   6835   6823   6812   6802   6822   6813
261160Recife      13881931437190144913514613201486869150100815150521533580154998015616591536934154651615550391599513160848816171831625583163369716378341645727
      Riacho das
261170Almas         15979 18168 18184 18204 18245 18268 18291 18269 18871 18930 19158 19277 19387 19947 20064 20177 20286 20392 20443 20546
261180Ribeirão      39363 41421 41539 41581 41668 41717 41765 38755 39548 39317 44445 44728 44950 46200 46433 46659 46877 47088 47209 47415
261190Rio Formoso 20528 20976 21130 21299 21656 21853 22049 21024 21735 21815 22140 22258 22361 22970 23078 23181 23282 23379 23440 23535
261200Sairé         14589 13434 14183 14430 14950 15238 15523 13709 14155 14194 11242 11056 10877 10835 10633 10437 10247 10065 10103                     9932
261210Salgadinho     5867   7284   7395   7514   7763   7901   8038   7770   8120   8214   9287   9479   9641 10076 10252 10423 10588 10747 10768 10919
261220Salgueiro     50899 52087 52488 52914 53808 54303 54794 53167 55119 55435 56641 56992 57343 59037 59409 59769 60117 60453 60604 60930
261230Saloá         15596 15027 15042 15058 15093 15112 15131 15027 15509 15547 15283 15333 15355 15702 15722 15742 15761 15779 15823 15843
261240Sanharó       17297 15986 16059 16142 16318 16415 16511 17627 18473 18723 21960 22434 22896 24049 24556 25047 25521 25979 26026 26462
261245Santa Cruz    11241 11390 11449 11535 11715 11815 11914 13644 14466 14782 13594 13773 13946 14487 14675 14857 15032 15202 15236 15398
      Santa Cruz
      da Baixa
261247Verde         10608 10724 10644 10528 10286 10151 10018 11610 12096 12209 11769 11836 11901 12240 12308 12375 12439 12501 12531 12592
      Santa Cruz
      do
261250Capibaribe    51286 61557 63407 65430 69677 72027 74359 73680 78410 80330 87538 89773 91891 96908 99232 101485 103660 105761 105936 107937
      Santa
261255Filomena       8969 12366 12528 12720 13123 13345 13567 13759 14465 14694 13322 13468 13561 13977 14076 14172 14265 14355 14390 14477
      Santa Maria
261260da Boa Vista 34594 37905 38946 39890 41870 42965 44053 39626 41329 41745 39473 39629 39816 40908 41103 41293 41475 41652 41759 41931
      Santa Maria
261270do Cambucá 11621 11782 11807 11839 11905 11942 11978 12348 12840 12942 13023 13120 13215 13626 13728 13826 13921 14013 14048 14137
      Santa
261280Terezinha      9437 10288 10357 10406 10509 10566 10623         9934 10198 10184 10991 11048 11103 11411 11571 11627 11682 11734 11764 11815
      São
      Benedito do
261290Sul           12016 10550 10602 10659 10781 10848 10915         9790   9989 10838 13939 14137 14326 14900 15105 15305 15497 15683 15717 15895
      São Bento
261300do Una        48837 45724 46017 46322 46963 47317 47669 47230 49038 49372 53232 53847 54433 56413 57046 57659 58251 58824 58956 59504
261310São Caitano 31477 33874 34231 34605 35390 35824 36255 34769 36094 36336 35278 35416 35554 36485 36626 36763 36895 37023 37119 37245
261320São João      18183 19846 19919 20000 20171 20265 20359 21011 21886 22087 21305 21433 21549 22162 22284 22403 22518 22628 22686 22793
      São Joaquim
261330do Monte      20364 20219 20379 20628 21151 21440 21727 20869 21700 21872 20489 20538 20586 21079 21126 21171 21215 21257 21314 21356
      São José da
      Coroa
261340Grande        14312 14250 14484 14722 15222 15498 15773 17090 18143 18555 18172 18504 18816 19663 20005 20335 20654 20963 21004 21298
      São José do
261350Belmonte      31275 31720 31786 31848 31979 32051 32123 32704 33916 34118 32620 32692 32763 33541 33610 33677 33742 33804 33895 33959
      São José do
261360Egito         28955 29537 29635 29712 29874 29964 30053 30469 31601 31792 31838 32011 32186 33105 33188 33365 33537 33704 33789 33951
      São
      Lourenço da
261370Mata          92706 90894 91357 91801 92732 93247 93758 95304 99136 99945 102956 103854 104782 108301 109298 110264 111197 112099 112362 113230
      São Vicente
261380Ferrer        16658 16230 16389 16568 16944 17152 17358 16598 17223 17333 17000 17077 17151 17612 17688 17763 17834 17904 17950 18018
      Serra
261390Talhada       67292 70702 70611 70472 70179 70017 69856 76198 79484 80294 79241 79871 80489 83051 83712 84352 84970 85568 85774 86350
261400Serrita       15620 17695 17604 17490 17252 17121 16990 18228 18869 18958 18331 18369 18519 18951 18985 19017 19049 19080 19133 19165
261410Sertânia       28162   31659   31688   31702   31732   31749   31766   34069   35546   35914   33723   33951   34109   35042   35207   35367   35521   35670   35761   35907
261420Sirinhaém      30725   32879   33001   32981   32937   32913   32889   36414   38122   38610   40306   40853   41391   43036   43620   44187   44734   45263   45359   45865
261440Solidão         5174    5502    5480    5456    5405    5377    5349    5837    6073    6123    5744    5761    5777    5918    5934    5949    5964    5978    5993    6007
261450Surubim        46600   50756   51151   51531   52329   52771   53210   53934   56238   56795   58444   59144   59751   61875   62530   63166   63780   64373   64520   65089
261460Tabira         23774   24191   24347   24477   24752   24904   25055   25836   26947   27219   26430   26609   26784   27591   27778   27958   28132   28301   28371   28534
261470Tacaimbó       10703   13086   13193   13315   13572   13715   13856   12095   12344   12273   12704   12710   12695   12932   12912   12891   12872   12853   12890   12874
261480Tacaratu       15418   17065   17042   17017   16965   16936   16907   20552   21770   22231   22073   22450   22819   23833   24236   24626   25003   25368   25417   25765
261485Tamandaré      15976   17341   17802   18043   18550   18831   19110   18137   18854   18999   20745   20979   21234   22046   22323   22591   22850   23100   23149   23388
      Taquaritinga
261500do Norte       20371   20043   20318   20578   21124   21426   21726   21447   22404   22657   24923   25298   25681   26772   27188   27592   27981   28358   28416   28775
261510Terezinha       6044    6237    6197    6149    6049    5994    5939    6496    6735    6774    6737    6771    6803    6991    7025    7057    7089    7120    7139    7169
261520Terra Nova      7261    7622    7695    7777    7949    8045    8140    9057    9596    9801    9256    9409    9534    9916   10052   10185   10313   10437    9983   10096
261530Timbaúba       55759   56851   56832   56798   56726   56687   56647   51529   52291   51770   53823   53589   53360   54115   53844   53581   53328   53083   50956   53022
261540Toritama       20139   22640   23250   23923   25337   26119   26895   29900   32169   33206   35631   36610   37631   39913   41035   42123   43174   44189   44254   45219
261550Tracunhaém     12888   12434   12491   12536   12630   12682   12734   12734   13194   13265   13055   13106   13155   13497   13547   13596   13643   13689   13724   13769
261560Trindade       20062   22298   22589   22895   23536   23892   24244   24642   25869   26250   26116   26438   26749   27756   29182   29519   29842   30155   30222   30521
261570Triunfo        13918   15072   15038   14993   14898   14846   14794   15225   15724   15770   15006   14997   14987   15280   15264   15250   15235   15221   15265   15254
261580Tupanatinga    19305   20980   21149   21310   21649   21837   22023   18913   19207   19026   24254   24704   24973   25882   26172   26454   26727   26990   27052   27304
261590Tuparetama      8504    7845    7904    7968    8103    8177    8251    8257    8600    8678    7925    7938    7950    8129    8139    8149    8159    8169    8192    8202
261600Venturosa      14200   13632   13755   13891   14176   14334   14491   15576   16417   16706   16064   16251   16823   17455   17666   17870   18067   18258   18298   18482
261610Verdejante      8642    8935    8996    9066    9212    9293    9374    9567    9989   10098    9142    9165    9187    9408    9430    9450    9471    9490    9514    9534
      Vertente do
261618Lério           8965    8535    8528    8524    8517    8512    8508    7500    7570    7464    7894    7823    7773    7859    7802    7746    7693    7641    7666    7618
261620Vertentes      12376   15039   15104   15173   15317   15396   15475   17021   17899   18186   18267   18473   18716   19457   19720   19976   20222   20460   20503   20731

261630Vicência     25646 28833 28989 29067 29231 29322 29413 27360 27993 27883 30731 30879 31021 31866 32014 32157 32296 32429 32513 32643
      Vitória de
261640Santo Antão 114449 118894 119873 120924 123130 124351 125563 121233 125681 126399 130540 130924 129907 133907 134871 135805 136706 137578 137915 138757
261650Xexéu        14235 13955 14211 14495 15093 15424 15752 14224 14779 14887 14092 14132 14168 14513 14549 14584 14618 14651 14691 14725
